import Mathlib.Data.Real.Basic
import Mathlib.Data.Fin.Basic
import Mathlib.LinearAlgebra.Matrix.Defs
import Mathlib.LinearAlgebra.Matrix.Notation

open Matrix

namespace Hqiv

/-!
# Generators — so(8) basis from counting over O (matrices.py)

The 28 generators of the Lie algebra that closes from the octonion construction
(L(e_i), Δ, g₂ + Δ → so(8)) are the **degrees of freedom** we must prove.

**Workflow:**
1. From a terminal run (paths: HQIV_LEAN = ~/Repos/HQIV_LEAN, HQIV = ~/Repos/HQIV):
   `cd ~/Repos/HQIV_LEAN` then
   `PYTHONPATH=~/Repos/HQIV python3 scripts/print_lean_generators.py`
   That prints 28 Lean definitions `generator_0` … `generator_27`.
2. Paste that output below, **replacing** the placeholder definitions.
3. Fill the gaps manually: prove antisymmetry (generator_k + transpose = 0),
   linear independence, Lie bracket closure, and that the span has dimension 28.

The authoritative source is `HQVM/matrices.py` (`lie_closure_basis`).
-/

/-- **Number of generators** (dimension of so(8)). -/
def so8GeneratorCount : ℕ := 28

/-- Generator 0 (from matrices.py lie_closure_basis). -/
def generator_0 : Matrix (Fin 8) (Fin 8) ℝ := !![
    (0 : ℝ), (0.010946482826465 : ℝ), (-0.15195808974298 : ℝ), (-0.19387423046345 : ℝ), (-0.070344074249455 : ℝ), (-0.085183769845009 : ℝ), (-0.38908190370082 : ℝ), (0.079345048755928 : ℝ);
    (-0.010946482826465 : ℝ), (0 : ℝ), (0.24910807384366 : ℝ), (0.096308225913836 : ℝ), (0.06576022003509 : ℝ), (0.35462240999149 : ℝ), (-0.14923612207867 : ℝ), (0.039934798707797 : ℝ);
    (0.15195808974298 : ℝ), (-0.24910807384366 : ℝ), (0 : ℝ), (-0.037604533521453 : ℝ), (-0.2093181344844 : ℝ), (0.28962541776794 : ℝ), (-0.2328900473259 : ℝ), (0.24220042035395 : ℝ);
    (0.19387423046345 : ℝ), (-0.096308225913836 : ℝ), (0.037604533521453 : ℝ), (0 : ℝ), (0.26924755617799 : ℝ), (-0.1903327029634 : ℝ), (-0.078919961039335 : ℝ), (-0.11545272645857 : ℝ);
    (0.070344074249455 : ℝ), (-0.06576022003509 : ℝ), (0.2093181344844 : ℝ), (-0.26924755617799 : ℝ), (0 : ℝ), (-0.073414015448811 : ℝ), (-0.037973793678087 : ℝ), (0.1992098281971 : ℝ);
    (0.085183769845009 : ℝ), (-0.35462240999149 : ℝ), (-0.28962541776794 : ℝ), (0.1903327029634 : ℝ), (0.073414015448811 : ℝ), (0 : ℝ), (-0.14563760030347 : ℝ), (-0.2264556331669 : ℝ);
    (0.38908190370082 : ℝ), (0.14923612207867 : ℝ), (0.2328900473259 : ℝ), (0.078919961039335 : ℝ), (0.037973793678087 : ℝ), (0.14563760030347 : ℝ), (0 : ℝ), (0.23397005542576 : ℝ);
    (-0.079345048755928 : ℝ), (-0.039934798707797 : ℝ), (-0.24220042035395 : ℝ), (0.11545272645857 : ℝ), (-0.1992098281971 : ℝ), (0.2264556331669 : ℝ), (-0.23397005542576 : ℝ), (0 : ℝ)
  ]

def generator_1 : Matrix (Fin 8) (Fin 8) ℝ := !![
    (0 : ℝ), (0.23858179587323 : ℝ), (0.17209723339996 : ℝ), (-0.23999316682796 : ℝ), (-0.076824646835615 : ℝ), (0.18817731008488 : ℝ), (0.097138098663037 : ℝ), (-0.27085117380357 : ℝ);
    (-0.23858179587323 : ℝ), (0 : ℝ), (0.38623815038972 : ℝ), (0.09084789506487 : ℝ), (0.04010731346273 : ℝ), (0.19340814397117 : ℝ), (0.081811593666626 : ℝ), (-0.085593552463447 : ℝ);
    (-0.17209723339996 : ℝ), (-0.38623815038972 : ℝ), (0 : ℝ), (0.13941789813685 : ℝ), (0.1291481018912 : ℝ), (-0.25768547545979 : ℝ), (-0.009206169747306 : ℝ), (0.084733194283171 : ℝ);
    (0.23999316682796 : ℝ), (-0.09084789506487 : ℝ), (-0.13941789813685 : ℝ), (0 : ℝ), (0.23503322040411 : ℝ), (-0.23097506401638 : ℝ), (0.02019189603132 : ℝ), (0.15497833071865 : ℝ);
    (0.076824646835615 : ℝ), (-0.04010731346273 : ℝ), (-0.1291481018912 : ℝ), (-0.23503322040411 : ℝ), (0 : ℝ), (0.11346480952742 : ℝ), (-0.0088537562053608 : ℝ), (-0.47978909972343 : ℝ);
    (-0.18817731008488 : ℝ), (-0.19340814397117 : ℝ), (0.25768547545979 : ℝ), (0.23097506401638 : ℝ), (-0.11346480952742 : ℝ), (0 : ℝ), (-0.078193393970548 : ℝ), (0.1631187318496 : ℝ);
    (-0.097138098663037 : ℝ), (-0.081811593666626 : ℝ), (0.009206169747306 : ℝ), (-0.02019189603132 : ℝ), (0.0088537562053608 : ℝ), (0.078193393970548 : ℝ), (0 : ℝ), (0.051152715353302 : ℝ);
    (0.27085117380357 : ℝ), (0.085593552463447 : ℝ), (-0.084733194283171 : ℝ), (-0.15497833071865 : ℝ), (0.47978909972343 : ℝ), (-0.1631187318496 : ℝ), (-0.051152715353302 : ℝ), (0 : ℝ)
  ]

def generator_2 : Matrix (Fin 8) (Fin 8) ℝ := !![
    (0 : ℝ), (-0.22681864744011 : ℝ), (-0.012423456343312 : ℝ), (-0.10110243931903 : ℝ), (0.41233072234866 : ℝ), (-0.13010430367436 : ℝ), (-0.067783409180381 : ℝ), (0.004617818382811 : ℝ);
    (0.22681864744011 : ℝ), (0 : ℝ), (-0.019858868549218 : ℝ), (-0.41086963756504 : ℝ), (0.024362354591725 : ℝ), (0.36778746372812 : ℝ), (0.33501593368101 : ℝ), (0.19031444011515 : ℝ);
    (0.012423456343312 : ℝ), (0.019858868549218 : ℝ), (0 : ℝ), (0.044197636994193 : ℝ), (0.050683789518065 : ℝ), (-0.17018399045671 : ℝ), (-0.056814131011424 : ℝ), (0.11233505983216 : ℝ);
    (0.10110243931903 : ℝ), (0.41086963756504 : ℝ), (-0.044197636994193 : ℝ), (0 : ℝ), (-0.052452726261059 : ℝ), (-0.12093931605198 : ℝ), (-0.27006960911457 : ℝ), (-0.006800608625164 : ℝ);
    (-0.41233072234866 : ℝ), (-0.024362354591725 : ℝ), (-0.050683789518065 : ℝ), (0.052452726261059 : ℝ), (0 : ℝ), (0.20098551095686 : ℝ), (0.067551257805905 : ℝ), (0.11776966447402 : ℝ);
    (0.13010430367436 : ℝ), (-0.36778746372812 : ℝ), (0.17018399045671 : ℝ), (0.12093931605198 : ℝ), (-0.20098551095686 : ℝ), (0 : ℝ), (0.21625400981385 : ℝ), (0.21549124297372 : ℝ);
    (0.067783409180381 : ℝ), (-0.33501593368101 : ℝ), (0.056814131011424 : ℝ), (0.27006960911457 : ℝ), (-0.067551257805905 : ℝ), (-0.21625400981385 : ℝ), (0 : ℝ), (-0.037004126751403 : ℝ);
    (-0.004617818382811 : ℝ), (-0.19031444011515 : ℝ), (-0.11233505983216 : ℝ), (0.006800608625164 : ℝ), (-0.11776966447402 : ℝ), (-0.21549124297372 : ℝ), (0.037004126751403 : ℝ), (0 : ℝ)
  ]

def generator_3 : Matrix (Fin 8) (Fin 8) ℝ := !![
    (0 : ℝ), (0.085298851515116 : ℝ), (0.0089798887466296 : ℝ), (0.065611953877967 : ℝ), (-0.016337112406393 : ℝ), (-0.22102086567527 : ℝ), (-0.054827372493003 : ℝ), (0.0258995548072 : ℝ);
    (-0.085298851515116 : ℝ), (0 : ℝ), (0.01740975260607 : ℝ), (0.10778291636107 : ℝ), (0.14406562843629 : ℝ), (-0.04481222893753 : ℝ), (-0.21170262366291 : ℝ), (0.15589503567941 : ℝ);
    (-0.0089798887466296 : ℝ), (-0.01740975260607 : ℝ), (0 : ℝ), (0.45843835766554 : ℝ), (-0.086189071839704 : ℝ), (0.044641420159456 : ℝ), (0.064220320864829 : ℝ), (-0.14532119184091 : ℝ);
    (-0.065611953877967 : ℝ), (-0.10778291636107 : ℝ), (-0.45843835766554 : ℝ), (0 : ℝ), (0.32431993214827 : ℝ), (0.17572130380154 : ℝ), (0.042356805093848 : ℝ), (-0.088640439545494 : ℝ);
    (0.016337112406393 : ℝ), (-0.14406562843629 : ℝ), (0.086189071839704 : ℝ), (-0.32431993214827 : ℝ), (0 : ℝ), (0.14590643316832 : ℝ), (0.26978853699884 : ℝ), (0.19839898267626 : ℝ);
    (0.22102086567527 : ℝ), (0.04481222893753 : ℝ), (-0.044641420159456 : ℝ), (-0.17572130380154 : ℝ), (-0.14590643316832 : ℝ), (0 : ℝ), (-0.13298699664199 : ℝ), (0.53313765628159 : ℝ);
    (0.054827372493003 : ℝ), (0.21170262366291 : ℝ), (-0.064220320864829 : ℝ), (-0.042356805093848 : ℝ), (-0.26978853699884 : ℝ), (0.13298699664199 : ℝ), (0 : ℝ), (-0.076418362107614 : ℝ);
    (-0.0258995548072 : ℝ), (-0.15589503567941 : ℝ), (0.14532119184091 : ℝ), (0.088640439545494 : ℝ), (-0.19839898267626 : ℝ), (-0.53313765628159 : ℝ), (0.076418362107614 : ℝ), (0 : ℝ)
  ]

def generator_4 : Matrix (Fin 8) (Fin 8) ℝ := !![
    (0 : ℝ), (-0.047200883005741 : ℝ), (0.044882821309753 : ℝ), (-0.15702825193844 : ℝ), (0.15788533612153 : ℝ), (0.28812809599694 : ℝ), (0.16204387003645 : ℝ), (0.061014013440884 : ℝ);
    (0.047200883005741 : ℝ), (0 : ℝ), (-0.02463061536463 : ℝ), (0.23243709964947 : ℝ), (0.12143589089916 : ℝ), (0.10595105037032 : ℝ), (-0.49202925284932 : ℝ), (0.26186299294505 : ℝ);
    (-0.044882821309753 : ℝ), (0.02463061536463 : ℝ), (0 : ℝ), (-0.0097717066387099 : ℝ), (0.071082941270302 : ℝ), (-0.14313542577528 : ℝ), (0.11223279491336 : ℝ), (-0.17245053118651 : ℝ);
    (0.15702825193844 : ℝ), (-0.23243709964947 : ℝ), (0.0097717066387099 : ℝ), (0 : ℝ), (0.10323414349587 : ℝ), (-0.23901974339974 : ℝ), (-0.0066689217949323 : ℝ), (-0.030542460565851 : ℝ);
    (-0.15788533612153 : ℝ), (-0.12143589089916 : ℝ), (-0.071082941270302 : ℝ), (-0.10323414349587 : ℝ), (0 : ℝ), (0.13858749177064 : ℝ), (-0.098897171808524 : ℝ), (0.20374539377449 : ℝ);
    (-0.28812809599694 : ℝ), (-0.10595105037032 : ℝ), (0.14313542577528 : ℝ), (0.23901974339974 : ℝ), (-0.13858749177064 : ℝ), (0 : ℝ), (0.39717244936691 : ℝ), (-0.18889185915704 : ℝ);
    (-0.16204387003645 : ℝ), (0.49202925284932 : ℝ), (-0.11223279491336 : ℝ), (0.0066689217949323 : ℝ), (0.098897171808524 : ℝ), (-0.39717244936691 : ℝ), (0 : ℝ), (-0.20307727375929 : ℝ);
    (-0.061014013440884 : ℝ), (-0.26186299294505 : ℝ), (0.17245053118651 : ℝ), (0.030542460565851 : ℝ), (-0.20374539377449 : ℝ), (0.18889185915704 : ℝ), (0.20307727375929 : ℝ), (0 : ℝ)
  ]

def generator_5 : Matrix (Fin 8) (Fin 8) ℝ := !![
    (0 : ℝ), (-0.11464900311116 : ℝ), (0.0036680800160308 : ℝ), (-0.14360885476943 : ℝ), (0.26565145833354 : ℝ), (-0.14220300244482 : ℝ), (0.37924410764453 : ℝ), (-0.045706644664072 : ℝ);
    (0.11464900311116 : ℝ), (0 : ℝ), (0.013449605251038 : ℝ), (0.018404018128156 : ℝ), (0.28587498094947 : ℝ), (-0.41947194621669 : ℝ), (0.031860973314686 : ℝ), (0.25239775872987 : ℝ);
    (-0.0036680800160308 : ℝ), (-0.013449605251038 : ℝ), (0 : ℝ), (0.13691872074702 : ℝ), (-0.11442832725019 : ℝ), (-0.069307902326594 : ℝ), (-0.18339065441478 : ℝ), (0.21670548107725 : ℝ);
    (0.14360885476943 : ℝ), (-0.018404018128156 : ℝ), (-0.13691872074702 : ℝ), (0 : ℝ), (0.14861883007889 : ℝ), (0.015507925965294 : ℝ), (-0.083229253339683 : ℝ), (0.25064069095956 : ℝ);
    (-0.26565145833354 : ℝ), (-0.28587498094947 : ℝ), (0.11442832725019 : ℝ), (-0.14861883007889 : ℝ), (0 : ℝ), (-0.16489597750904 : ℝ), (-0.24124766157463 : ℝ), (0.064875303612122 : ℝ);
    (0.14220300244482 : ℝ), (0.41947194621669 : ℝ), (0.069307902326594 : ℝ), (-0.015507925965294 : ℝ), (0.16489597750904 : ℝ), (0 : ℝ), (-0.14062301498838 : ℝ), (-0.099963739172231 : ℝ);
    (-0.37924410764453 : ℝ), (-0.031860973314686 : ℝ), (0.18339065441478 : ℝ), (0.083229253339683 : ℝ), (0.24124766157463 : ℝ), (0.14062301498838 : ℝ), (0 : ℝ), (0.27912276093498 : ℝ);
    (0.045706644664072 : ℝ), (-0.25239775872987 : ℝ), (-0.21670548107725 : ℝ), (-0.25064069095956 : ℝ), (-0.064875303612122 : ℝ), (0.099963739172231 : ℝ), (-0.27912276093498 : ℝ), (0 : ℝ)
  ]

def generator_6 : Matrix (Fin 8) (Fin 8) ℝ := !![
    (0 : ℝ), (-0.11752692874115 : ℝ), (-0.025247983089097 : ℝ), (0.07864177534103 : ℝ), (0.17161678984256 : ℝ), (0.15038700460165 : ℝ), (0.1771889910594 : ℝ), (0.24581251670356 : ℝ);
    (0.11752692874115 : ℝ), (0 : ℝ), (-0.084388034736153 : ℝ), (0.23188734235658 : ℝ), (-0.0010439743739089 : ℝ), (0.050366205461792 : ℝ), (-0.055433423311965 : ℝ), (0.15903498056488 : ℝ);
    (0.025247983089097 : ℝ), (0.084388034736153 : ℝ), (0 : ℝ), (-0.39008719645071 : ℝ), (0.173013893216 : ℝ), (0.097111989347207 : ℝ), (0.12524580284652 : ℝ), (0.3164804812156 : ℝ);
    (-0.07864177534103 : ℝ), (-0.23188734235658 : ℝ), (0.39008719645071 : ℝ), (0 : ℝ), (0.090960660621749 : ℝ), (-0.094135830084759 : ℝ), (-0.064161872424109 : ℝ), (-0.28428875571518 : ℝ);
    (-0.17161678984256 : ℝ), (0.0010439743739089 : ℝ), (-0.173013893216 : ℝ), (-0.090960660621749 : ℝ), (0 : ℝ), (-0.30568366510853 : ℝ), (0.18630925271412 : ℝ), (-0.21110737334843 : ℝ);
    (-0.15038700460165 : ℝ), (-0.050366205461792 : ℝ), (-0.097111989347207 : ℝ), (0.094135830084759 : ℝ), (0.30568366510853 : ℝ), (0 : ℝ), (-0.14137161694245 : ℝ), (0.37390363263111 : ℝ);
    (-0.1771889910594 : ℝ), (0.055433423311965 : ℝ), (-0.12524580284652 : ℝ), (0.064161872424109 : ℝ), (-0.18630925271412 : ℝ), (0.14137161694245 : ℝ), (0 : ℝ), (0.041475005543232 : ℝ);
    (-0.24581251670356 : ℝ), (-0.15903498056488 : ℝ), (-0.3164804812156 : ℝ), (0.28428875571518 : ℝ), (0.21110737334843 : ℝ), (-0.37390363263111 : ℝ), (-0.041475005543232 : ℝ), (0 : ℝ)
  ]

def generator_7 : Matrix (Fin 8) (Fin 8) ℝ := !![
    (0 : ℝ), (-0.31911169870577 : ℝ), (0 : ℝ), (0 : ℝ), (0 : ℝ), (-0.18771276394457 : ℝ), (0 : ℝ), (-0.093856381972284 : ℝ);
    (0.31911169870577 : ℝ), (0 : ℝ), (0.093856381972284 : ℝ), (0 : ℝ), (0.18771276394457 : ℝ), (0 : ℝ), (0 : ℝ), (0 : ℝ);
    (0 : ℝ), (-0.093856381972284 : ℝ), (0 : ℝ), (-0.18771276394457 : ℝ), (0 : ℝ), (0 : ℝ), (0 : ℝ), (0.31911169870577 : ℝ);
    (0 : ℝ), (0 : ℝ), (0.18771276394457 : ℝ), (0 : ℝ), (0 : ℝ), (0 : ℝ), (0.73207977938382 : ℝ), (0 : ℝ);
    (0 : ℝ), (-0.18771276394457 : ℝ), (0 : ℝ), (0 : ℝ), (0 : ℝ), (0.31911169870577 : ℝ), (0 : ℝ), (0 : ℝ);
    (0.18771276394457 : ℝ), (0 : ℝ), (0 : ℝ), (0 : ℝ), (-0.31911169870577 : ℝ), (0 : ℝ), (0 : ℝ), (0 : ℝ);
    (0 : ℝ), (0 : ℝ), (0 : ℝ), (-0.73207977938382 : ℝ), (0 : ℝ), (0 : ℝ), (0 : ℝ), (-0.18771276394457 : ℝ);
    (0.093856381972284 : ℝ), (0 : ℝ), (-0.31911169870577 : ℝ), (0 : ℝ), (0 : ℝ), (0 : ℝ), (0.18771276394457 : ℝ), (0 : ℝ)
  ]

def generator_8 : Matrix (Fin 8) (Fin 8) ℝ := !![
    (0 : ℝ), (0.2839459294077 : ℝ), (0.025039408584883 : ℝ), (0.039874881323181 : ℝ), (0.33921924217071 : ℝ), (-0.15246512517345 : ℝ), (-0.14054291438971 : ℝ), (-0.013739079352698 : ℝ);
    (-0.2839459294077 : ℝ), (0 : ℝ), (0.082176180576665 : ℝ), (0.19615647079596 : ℝ), (-0.084653337997869 : ℝ), (-0.23565367771726 : ℝ), (0.15465052758923 : ℝ), (-0.005168381008528 : ℝ);
    (-0.025039408584883 : ℝ), (-0.082176180576665 : ℝ), (0 : ℝ), (-0.22302323585944 : ℝ), (0.19512561456252 : ℝ), (-0.049969648410094 : ℝ), (-0.049989566812479 : ℝ), (-0.12538164773653 : ℝ);
    (-0.039874881323181 : ℝ), (-0.19615647079596 : ℝ), (0.22302323585944 : ℝ), (0 : ℝ), (0.23036001872312 : ℝ), (0.20601616777334 : ℝ), (0.043783207547068 : ℝ), (-0.31329803761605 : ℝ);
    (-0.33921924217071 : ℝ), (0.084653337997869 : ℝ), (-0.19512561456252 : ℝ), (-0.23036001872312 : ℝ), (0 : ℝ), (0.3217611620501 : ℝ), (0.075671179787225 : ℝ), (-0.047055770932341 : ℝ);
    (0.15246512517345 : ℝ), (0.23565367771726 : ℝ), (0.049969648410094 : ℝ), (-0.20601616777334 : ℝ), (-0.3217611620501 : ℝ), (0 : ℝ), (0.23914289044604 : ℝ), (-0.15545021759952 : ℝ);
    (0.14054291438971 : ℝ), (-0.15465052758923 : ℝ), (0.049989566812479 : ℝ), (-0.043783207547068 : ℝ), (-0.075671179787225 : ℝ), (-0.23914289044604 : ℝ), (0 : ℝ), (0.36068425677322 : ℝ);
    (0.013739079352698 : ℝ), (0.005168381008528 : ℝ), (0.12538164773653 : ℝ), (0.31329803761605 : ℝ), (0.047055770932341 : ℝ), (0.15545021759952 : ℝ), (-0.36068425677322 : ℝ), (0 : ℝ)
  ]

def generator_9 : Matrix (Fin 8) (Fin 8) ℝ := !![
    (0 : ℝ), (-0.083324182885556 : ℝ), (-0.282728173492 : ℝ), (-0.066095693869941 : ℝ), (0.36315797456471 : ℝ), (0.051822938495443 : ℝ), (0.13360336752909 : ℝ), (0.22744715736111 : ℝ);
    (0.083324182885556 : ℝ), (0 : ℝ), (0.26230393369157 : ℝ), (0.067158223151925 : ℝ), (-0.0086350143102469 : ℝ), (0.064902189250725 : ℝ), (0.17109567945954 : ℝ), (-0.25663582510464 : ℝ);
    (0.282728173492 : ℝ), (-0.26230393369157 : ℝ), (0 : ℝ), (0.060965934586775 : ℝ), (0.22331406709325 : ℝ), (0.28555741566082 : ℝ), (0.10938216491909 : ℝ), (-0.39104691395901 : ℝ);
    (0.066095693869941 : ℝ), (-0.067158223151925 : ℝ), (-0.060965934586775 : ℝ), (0 : ℝ), (0.042207454596319 : ℝ), (-0.1437502740138 : ℝ), (0.21023065867793 : ℝ), (0.31645403400647 : ℝ);
    (-0.36315797456471 : ℝ), (0.0086350143102469 : ℝ), (-0.22331406709325 : ℝ), (-0.042207454596319 : ℝ), (0 : ℝ), (-0.11273858628241 : ℝ), (0.14544272472069 : ℝ), (0.11195796751769 : ℝ);
    (-0.051822938495443 : ℝ), (-0.064902189250725 : ℝ), (-0.28555741566082 : ℝ), (0.1437502740138 : ℝ), (0.11273858628241 : ℝ), (0 : ℝ), (-0.13336047308467 : ℝ), (-0.029738409563952 : ℝ);
    (-0.13360336752909 : ℝ), (-0.17109567945954 : ℝ), (-0.10938216491909 : ℝ), (-0.21023065867793 : ℝ), (-0.14544272472069 : ℝ), (0.13336047308467 : ℝ), (0 : ℝ), (0.001119830111729 : ℝ);
    (-0.22744715736111 : ℝ), (0.25663582510464 : ℝ), (0.39104691395901 : ℝ), (-0.31645403400647 : ℝ), (-0.11195796751769 : ℝ), (0.029738409563952 : ℝ), (-0.001119830111729 : ℝ), (0 : ℝ)
  ]

def generator_10 : Matrix (Fin 8) (Fin 8) ℝ := !![
    (0 : ℝ), (0.11464407320376 : ℝ), (0.13239162763092 : ℝ), (0.34351909599091 : ℝ), (0.049972392671655 : ℝ), (-0.18745356617102 : ℝ), (0.12980067243028 : ℝ), (-0.28911852810949 : ℝ);
    (-0.11464407320376 : ℝ), (0 : ℝ), (-0.09403740388955 : ℝ), (-0.16563036484164 : ℝ), (-0.20354726458619 : ℝ), (-0.054107851030038 : ℝ), (-0.11898873832457 : ℝ), (0.18992113304135 : ℝ);
    (-0.13239162763092 : ℝ), (0.09403740388955 : ℝ), (0 : ℝ), (-0.050890723322236 : ℝ), (-0.01448154304087 : ℝ), (0.084171328694723 : ℝ), (0.072309550630595 : ℝ), (-0.11008938272461 : ℝ);
    (-0.34351909599091 : ℝ), (0.16563036484164 : ℝ), (0.050890723322236 : ℝ), (0 : ℝ), (-0.041879810054916 : ℝ), (-0.62531397597666 : ℝ), (0.057656767706909 : ℝ), (-0.04257016880256 : ℝ);
    (-0.049972392671655 : ℝ), (0.20354726458619 : ℝ), (0.01448154304087 : ℝ), (0.041879810054916 : ℝ), (0 : ℝ), (0.10941992051455 : ℝ), (0.18329461041306 : ℝ), (0.072311717419366 : ℝ);
    (0.18745356617102 : ℝ), (0.054107851030038 : ℝ), (-0.084171328694723 : ℝ), (0.62531397597666 : ℝ), (-0.10941992051455 : ℝ), (0 : ℝ), (-0.26386107691409 : ℝ), (-0.10416116811033 : ℝ);
    (-0.12980067243028 : ℝ), (0.11898873832457 : ℝ), (-0.072309550630595 : ℝ), (-0.057656767706909 : ℝ), (-0.18329461041306 : ℝ), (0.26386107691409 : ℝ), (0 : ℝ), (0.16116597087049 : ℝ);
    (0.28911852810949 : ℝ), (-0.18992113304135 : ℝ), (0.11008938272461 : ℝ), (0.04257016880256 : ℝ), (-0.072311717419366 : ℝ), (0.10416116811033 : ℝ), (-0.16116597087049 : ℝ), (0 : ℝ)
  ]

def generator_11 : Matrix (Fin 8) (Fin 8) ℝ := !![
    (0 : ℝ), (0.11553185340297 : ℝ), (0.19606185785268 : ℝ), (0.07628115142949 : ℝ), (-0.30393738645716 : ℝ), (-0.031210825369926 : ℝ), (0.27380493610243 : ℝ), (0.13488006434648 : ℝ);
    (-0.11553185340297 : ℝ), (0 : ℝ), (-0.024536961355193 : ℝ), (0.074804860749464 : ℝ), (0.12002746436154 : ℝ), (0.34503597555881 : ℝ), (0.11875799188363 : ℝ), (0.10245348642273 : ℝ);
    (-0.19606185785268 : ℝ), (0.024536961355193 : ℝ), (0 : ℝ), (-0.2372843493349 : ℝ), (-0.070454178614604 : ℝ), (-0.1282102273925 : ℝ), (-0.2448840357519 : ℝ), (-0.212162088522 : ℝ);
    (-0.07628115142949 : ℝ), (-0.074804860749464 : ℝ), (0.2372843493349 : ℝ), (0 : ℝ), (-0.088363286577575 : ℝ), (0.068569171128299 : ℝ), (0.21048762455147 : ℝ), (0.18872009237385 : ℝ);
    (0.30393738645716 : ℝ), (-0.12002746436154 : ℝ), (0.070454178614604 : ℝ), (0.088363286577575 : ℝ), (0 : ℝ), (-0.093281307177965 : ℝ), (0.089433303260475 : ℝ), (0.24496605508191 : ℝ);
    (0.031210825369926 : ℝ), (-0.34503597555881 : ℝ), (0.1282102273925 : ℝ), (-0.068569171128299 : ℝ), (0.093281307177965 : ℝ), (0 : ℝ), (0.18631766408311 : ℝ), (0.18341801205934 : ℝ);
    (-0.27380493610243 : ℝ), (-0.11875799188363 : ℝ), (0.2448840357519 : ℝ), (-0.21048762455147 : ℝ), (-0.089433303260475 : ℝ), (-0.18631766408311 : ℝ), (0 : ℝ), (0.41405793849127 : ℝ);
    (-0.13488006434648 : ℝ), (-0.10245348642273 : ℝ), (0.212162088522 : ℝ), (-0.18872009237385 : ℝ), (-0.24496605508191 : ℝ), (-0.18341801205934 : ℝ), (-0.41405793849127 : ℝ), (0 : ℝ)
  ]

def generator_12 : Matrix (Fin 8) (Fin 8) ℝ := !![
    (0 : ℝ), (0.048275034018158 : ℝ), (0.01065608473771 : ℝ), (0.14887560635017 : ℝ), (-0.11701733095681 : ℝ), (-0.13735627603427 : ℝ), (0.042361283792994 : ℝ), (0.16635610266346 : ℝ);
    (-0.048275034018158 : ℝ), (0 : ℝ), (-0.086024101109034 : ℝ), (0.027076427580746 : ℝ), (0.15447801596595 : ℝ), (0.11683432699195 : ℝ), (0.27711561358029 : ℝ), (0.22363575457213 : ℝ);
    (-0.01065608473771 : ℝ), (0.086024101109034 : ℝ), (0 : ℝ), (0.42308908083984 : ℝ), (0.31882325182786 : ℝ), (-0.012925785686071 : ℝ), (-0.19867485322238 : ℝ), (-0.052006584163133 : ℝ);
    (-0.14887560635017 : ℝ), (-0.027076427580746 : ℝ), (-0.42308908083984 : ℝ), (0 : ℝ), (0.057118564924111 : ℝ), (-0.12541952432695 : ℝ), (0.20309326238831 : ℝ), (-0.35014375157069 : ℝ);
    (0.11701733095681 : ℝ), (-0.15447801596595 : ℝ), (-0.31882325182786 : ℝ), (-0.057118564924111 : ℝ), (0 : ℝ), (-0.30590490659533 : ℝ), (-0.047534542343146 : ℝ), (-0.16828077409545 : ℝ);
    (0.13735627603427 : ℝ), (-0.11683432699195 : ℝ), (0.012925785686071 : ℝ), (0.12541952432695 : ℝ), (0.30590490659533 : ℝ), (0 : ℝ), (0.10154642644864 : ℝ), (-0.27622901647788 : ℝ);
    (-0.042361283792994 : ℝ), (-0.27711561358029 : ℝ), (0.19867485322238 : ℝ), (-0.20309326238831 : ℝ), (0.047534542343146 : ℝ), (-0.10154642644864 : ℝ), (0 : ℝ), (-0.15589825953172 : ℝ);
    (-0.16635610266346 : ℝ), (-0.22363575457213 : ℝ), (0.052006584163133 : ℝ), (0.35014375157069 : ℝ), (0.16828077409545 : ℝ), (0.27622901647788 : ℝ), (0.15589825953172 : ℝ), (0 : ℝ)
  ]

def generator_13 : Matrix (Fin 8) (Fin 8) ℝ := !![
    (0 : ℝ), (-0.15091870347595 : ℝ), (0.079297852680035 : ℝ), (-0.30331974793851 : ℝ), (-0.1612317884631 : ℝ), (0.035572929464472 : ℝ), (0.22953144926351 : ℝ), (-0.32105490966567 : ℝ);
    (0.15091870347595 : ℝ), (0 : ℝ), (-0.32477710511391 : ℝ), (0.2333551745757 : ℝ), (0.15057911278015 : ℝ), (0.065412399002269 : ℝ), (0.29246504997691 : ℝ), (-0.15944576964827 : ℝ);
    (-0.079297852680035 : ℝ), (0.32477710511391 : ℝ), (0 : ℝ), (0.012492455315011 : ℝ), (0.075064351952253 : ℝ), (0.43471296638489 : ℝ), (0.072139333354858 : ℝ), (-0.10551370550633 : ℝ);
    (0.30331974793851 : ℝ), (-0.2333551745757 : ℝ), (-0.012492455315011 : ℝ), (0 : ℝ), (0.036338014996401 : ℝ), (-0.084070879438731 : ℝ), (-0.13557876766889 : ℝ), (-0.23677215969997 : ℝ);
    (0.1612317884631 : ℝ), (-0.15057911278015 : ℝ), (-0.075064351952253 : ℝ), (-0.036338014996401 : ℝ), (0 : ℝ), (0.22575253736816 : ℝ), (-0.17534264149988 : ℝ), (0.11362561141225 : ℝ);
    (-0.035572929464472 : ℝ), (-0.065412399002269 : ℝ), (-0.43471296638489 : ℝ), (0.084070879438731 : ℝ), (-0.22575253736816 : ℝ), (0 : ℝ), (-0.031746980522773 : ℝ), (0.086150008665461 : ℝ);
    (-0.22953144926351 : ℝ), (-0.29246504997691 : ℝ), (-0.072139333354858 : ℝ), (0.13557876766889 : ℝ), (0.17534264149988 : ℝ), (0.031746980522773 : ℝ), (0 : ℝ), (0.032863246442097 : ℝ);
    (0.32105490966567 : ℝ), (0.15944576964827 : ℝ), (0.10551370550633 : ℝ), (0.23677215969997 : ℝ), (-0.11362561141225 : ℝ), (-0.086150008665461 : ℝ), (-0.032863246442097 : ℝ), (0 : ℝ)
  ]

def generator_14 : Matrix (Fin 8) (Fin 8) ℝ := !![
    (0 : ℝ), (0.13298811890016 : ℝ), (0.013941096740996 : ℝ), (-0.083673844961222 : ℝ), (0.074501407845697 : ℝ), (-0.26148070750784 : ℝ), (-0.26928885077327 : ℝ), (-0.021943245193453 : ℝ);
    (-0.13298811890016 : ℝ), (0 : ℝ), (-0.22377566280025 : ℝ), (0.017135070212638 : ℝ), (-0.19921671432583 : ℝ), (0.13953357687445 : ℝ), (-0.14876390868344 : ℝ), (0.1600964208805 : ℝ);
    (-0.013941096740996 : ℝ), (0.22377566280025 : ℝ), (0 : ℝ), (-0.050193470105673 : ℝ), (0.348744536273 : ℝ), (0.031289843390441 : ℝ), (0.15575388697904 : ℝ), (-0.057583310845425 : ℝ);
    (0.083673844961222 : ℝ), (-0.017135070212638 : ℝ), (0.050193470105673 : ℝ), (0 : ℝ), (0.012681570071326 : ℝ), (0.018905190482059 : ℝ), (0.15269249779695 : ℝ), (0.22703163549816 : ℝ);
    (-0.074501407845697 : ℝ), (0.19921671432583 : ℝ), (-0.348744536273 : ℝ), (-0.012681570071326 : ℝ), (0 : ℝ), (-0.11481356584832 : ℝ), (-0.60149735164202 : ℝ), (-0.024479590232698 : ℝ);
    (0.26148070750784 : ℝ), (-0.13953357687445 : ℝ), (-0.031289843390441 : ℝ), (-0.018905190482059 : ℝ), (0.11481356584832 : ℝ), (0 : ℝ), (-0.069933958368523 : ℝ), (0.23375608747074 : ℝ);
    (0.26928885077327 : ℝ), (0.14876390868344 : ℝ), (-0.15575388697904 : ℝ), (-0.15269249779695 : ℝ), (0.60149735164202 : ℝ), (0.069933958368523 : ℝ), (0 : ℝ), (0.087887503382766 : ℝ);
    (0.021943245193453 : ℝ), (-0.1600964208805 : ℝ), (0.057583310845425 : ℝ), (-0.22703163549816 : ℝ), (0.024479590232698 : ℝ), (-0.23375608747074 : ℝ), (-0.087887503382766 : ℝ), (0 : ℝ)
  ]

def generator_15 : Matrix (Fin 8) (Fin 8) ℝ := !![
    (0 : ℝ), (0.2173959038101 : ℝ), (-0.22468581517044 : ℝ), (-0.25026346567557 : ℝ), (-0.216876078023 : ℝ), (0.33667678794363 : ℝ), (-0.21075680304081 : ℝ), (-0.17328355636172 : ℝ);
    (-0.2173959038101 : ℝ), (0 : ℝ), (0.10187029631324 : ℝ), (-0.12554319362375 : ℝ), (0.041981747286709 : ℝ), (-0.29051936954424 : ℝ), (0.24085020767046 : ℝ), (0.35583153544625 : ℝ);
    (0.22468581517044 : ℝ), (-0.10187029631324 : ℝ), (0 : ℝ), (-0.083211266177669 : ℝ), (0.2601611200259 : ℝ), (-0.061384252777579 : ℝ), (0.10245911033615 : ℝ), (0.087714012620352 : ℝ);
    (0.25026346567557 : ℝ), (0.12554319362375 : ℝ), (0.083211266177669 : ℝ), (0 : ℝ), (-0.089400899003527 : ℝ), (-0.053831554357067 : ℝ), (0.11093737521549 : ℝ), (-0.0047194573188887 : ℝ);
    (0.216876078023 : ℝ), (-0.041981747286709 : ℝ), (-0.2601611200259 : ℝ), (0.089400899003527 : ℝ), (0 : ℝ), (-0.092192859241217 : ℝ), (0.14986617720959 : ℝ), (0.38400437271483 : ℝ);
    (-0.33667678794363 : ℝ), (0.29051936954424 : ℝ), (0.061384252777579 : ℝ), (0.053831554357067 : ℝ), (0.092192859241217 : ℝ), (0 : ℝ), (-0.052622571556017 : ℝ), (0.080924109826777 : ℝ);
    (0.21075680304081 : ℝ), (-0.24085020767046 : ℝ), (-0.10245911033615 : ℝ), (-0.11093737521549 : ℝ), (-0.14986617720959 : ℝ), (0.052622571556017 : ℝ), (0 : ℝ), (-0.018438160534024 : ℝ);
    (0.17328355636172 : ℝ), (-0.35583153544625 : ℝ), (-0.087714012620352 : ℝ), (0.0047194573188887 : ℝ), (-0.38400437271483 : ℝ), (-0.080924109826777 : ℝ), (0.018438160534024 : ℝ), (0 : ℝ)
  ]

def generator_16 : Matrix (Fin 8) (Fin 8) ℝ := !![
    (0 : ℝ), (0.071242998992983 : ℝ), (0.1641842448776 : ℝ), (-0.097411115664855 : ℝ), (0.038054395718877 : ℝ), (-0.026438432892911 : ℝ), (-0.007646801659868 : ℝ), (-0.060619331246008 : ℝ);
    (-0.071242998992983 : ℝ), (0 : ℝ), (-0.17166469856216 : ℝ), (-0.28913182226082 : ℝ), (0.39741115951399 : ℝ), (0.18646980352284 : ℝ), (-0.22683503786265 : ℝ), (-0.16425665967934 : ℝ);
    (-0.1641842448776 : ℝ), (0.17166469856216 : ℝ), (0 : ℝ), (0.083674399927367 : ℝ), (0.25765775961737 : ℝ), (0.0042924630828487 : ℝ), (0.44540242107456 : ℝ), (0.13891789445112 : ℝ);
    (0.097411115664855 : ℝ), (0.28913182226082 : ℝ), (-0.083674399927367 : ℝ), (0 : ℝ), (-0.02303942001933 : ℝ), (0.20436566068282 : ℝ), (0.014675888774251 : ℝ), (0.013538478973114 : ℝ);
    (-0.038054395718877 : ℝ), (-0.39741115951399 : ℝ), (-0.25765775961737 : ℝ), (0.02303942001933 : ℝ), (0 : ℝ), (-0.097026673006641 : ℝ), (0.26308585463666 : ℝ), (-0.0053965285200185 : ℝ);
    (0.026438432892911 : ℝ), (-0.18646980352284 : ℝ), (-0.0042924630828487 : ℝ), (-0.20436566068282 : ℝ), (0.097026673006641 : ℝ), (0 : ℝ), (-0.066327856706301 : ℝ), (-0.25747392762852 : ℝ);
    (0.007646801659868 : ℝ), (0.22683503786265 : ℝ), (-0.44540242107456 : ℝ), (-0.014675888774251 : ℝ), (-0.26308585463666 : ℝ), (0.066327856706301 : ℝ), (0 : ℝ), (0.29199045320859 : ℝ);
    (0.060619331246008 : ℝ), (0.16425665967934 : ℝ), (-0.13891789445112 : ℝ), (-0.013538478973114 : ℝ), (0.0053965285200185 : ℝ), (0.25747392762852 : ℝ), (-0.29199045320859 : ℝ), (0 : ℝ)
  ]

def generator_17 : Matrix (Fin 8) (Fin 8) ℝ := !![
    (0 : ℝ), (0.21716899472962 : ℝ), (-0.26159831792872 : ℝ), (-0.18063995977174 : ℝ), (0.0053155940002565 : ℝ), (-0.05261597462212 : ℝ), (0.35526679885145 : ℝ), (-0.12305920201551 : ℝ);
    (-0.21716899472962 : ℝ), (0 : ℝ), (0.090573972134 : ℝ), (-0.44728107355817 : ℝ), (-0.22568726828544 : ℝ), (0.0020218706264143 : ℝ), (-0.13988630174677 : ℝ), (-0.12818455705441 : ℝ);
    (0.26159831792872 : ℝ), (-0.090573972134 : ℝ), (0 : ℝ), (0.0061218114722824 : ℝ), (-0.2047012712228 : ℝ), (0.15405674876663 : ℝ), (0.063761048145479 : ℝ), (0.029065147503389 : ℝ);
    (0.18063995977174 : ℝ), (0.44728107355817 : ℝ), (-0.0061218114722824 : ℝ), (0 : ℝ), (0.16363477175148 : ℝ), (0.028249738707943 : ℝ), (0.20788589240066 : ℝ), (-0.29158849460667 : ℝ);
    (-0.0053155940002565 : ℝ), (0.22568726828544 : ℝ), (0.2047012712228 : ℝ), (-0.16363477175148 : ℝ), (0 : ℝ), (-0.22766793757509 : ℝ), (-0.12243498751117 : ℝ), (-0.012783039875033 : ℝ);
    (0.05261597462212 : ℝ), (-0.0020218706264143 : ℝ), (-0.15405674876663 : ℝ), (-0.028249738707943 : ℝ), (0.22766793757509 : ℝ), (0 : ℝ), (0.31752411460595 : ℝ), (0.13119859024406 : ℝ);
    (-0.35526679885145 : ℝ), (0.13988630174677 : ℝ), (-0.063761048145479 : ℝ), (-0.20788589240066 : ℝ), (0.12243498751117 : ℝ), (-0.31752411460595 : ℝ), (0 : ℝ), (0.031566428139482 : ℝ);
    (0.12305920201551 : ℝ), (0.12818455705441 : ℝ), (-0.029065147503389 : ℝ), (0.29158849460667 : ℝ), (0.012783039875033 : ℝ), (-0.13119859024406 : ℝ), (-0.031566428139482 : ℝ), (0 : ℝ)
  ]

def generator_18 : Matrix (Fin 8) (Fin 8) ℝ := !![
    (0 : ℝ), (0.12136118085055 : ℝ), (-0.30483793193985 : ℝ), (0.098194201370828 : ℝ), (-0.2936577701134 : ℝ), (-0.086560541031362 : ℝ), (0.089107548914886 : ℝ), (0.21260223218335 : ℝ);
    (-0.12136118085055 : ℝ), (0 : ℝ), (-0.32625383575416 : ℝ), (-0.11603771906477 : ℝ), (0.0069809241294699 : ℝ), (-0.048839101368427 : ℝ), (0.066098479873154 : ℝ), (0.006007359332904 : ℝ);
    (0.30483793193985 : ℝ), (0.32625383575416 : ℝ), (0 : ℝ), (-0.13133187747124 : ℝ), (0.13398883923855 : ℝ), (0.085638600384237 : ℝ), (-0.0098581024079396 : ℝ), (0.16163240661494 : ℝ);
    (-0.098194201370828 : ℝ), (0.11603771906477 : ℝ), (0.13133187747124 : ℝ), (0 : ℝ), (0.47726602566184 : ℝ), (-0.094749962370785 : ℝ), (-0.13816638200861 : ℝ), (0.38540880324316 : ℝ);
    (0.2936577701134 : ℝ), (-0.0069809241294699 : ℝ), (-0.13398883923855 : ℝ), (-0.47726602566184 : ℝ), (0 : ℝ), (0.23606153825282 : ℝ), (0.1299875645222 : ℝ), (-0.11894268862904 : ℝ);
    (0.086560541031362 : ℝ), (0.048839101368427 : ℝ), (-0.085638600384237 : ℝ), (0.094749962370785 : ℝ), (-0.23606153825282 : ℝ), (0 : ℝ), (0.1667176222571 : ℝ), (-0.092006700442027 : ℝ);
    (-0.089107548914886 : ℝ), (-0.066098479873154 : ℝ), (0.0098581024079396 : ℝ), (0.13816638200861 : ℝ), (-0.1299875645222 : ℝ), (-0.1667176222571 : ℝ), (0 : ℝ), (-0.11363788234098 : ℝ);
    (-0.21260223218335 : ℝ), (-0.006007359332904 : ℝ), (-0.16163240661494 : ℝ), (-0.38540880324316 : ℝ), (0.11894268862904 : ℝ), (0.092006700442027 : ℝ), (0.11363788234098 : ℝ), (0 : ℝ)
  ]

def generator_19 : Matrix (Fin 8) (Fin 8) ℝ := !![
    (0 : ℝ), (-0.31038579617475 : ℝ), (0.087626383726962 : ℝ), (-0.27183270892477 : ℝ), (-0.18660708920116 : ℝ), (-0.3032265075766 : ℝ), (-0.0010073260045409 : ℝ), (0.0014428657748047 : ℝ);
    (0.31038579617475 : ℝ), (0 : ℝ), (0.033140877315977 : ℝ), (0.01789230128424 : ℝ), (-0.21873181982315 : ℝ), (-0.20744962362111 : ℝ), (-0.20627889622281 : ℝ), (-0.35770658986145 : ℝ);
    (-0.087626383726962 : ℝ), (-0.033140877315977 : ℝ), (0 : ℝ), (0.0045260884382105 : ℝ), (0.3945359822845 : ℝ), (-0.26059454958543 : ℝ), (-0.24045426357405 : ℝ), (0.033961545266736 : ℝ);
    (0.27183270892477 : ℝ), (-0.01789230128424 : ℝ), (-0.0045260884382105 : ℝ), (0 : ℝ), (0.031259178663601 : ℝ), (-0.17345553513393 : ℝ), (-0.10125161031729 : ℝ), (-0.064185767485745 : ℝ);
    (0.18660708920116 : ℝ), (0.21873181982315 : ℝ), (-0.3945359822845 : ℝ), (-0.031259178663601 : ℝ), (0 : ℝ), (-0.14184412080692 : ℝ), (0.18556001863399 : ℝ), (0.18845525412333 : ℝ);
    (0.3032265075766 : ℝ), (0.20744962362111 : ℝ), (0.26059454958543 : ℝ), (0.17345553513393 : ℝ), (0.14184412080692 : ℝ), (0 : ℝ), (0.087956122921292 : ℝ), (0.068359772840507 : ℝ);
    (0.0010073260045409 : ℝ), (0.20627889622281 : ℝ), (0.24045426357405 : ℝ), (0.10125161031729 : ℝ), (-0.18556001863399 : ℝ), (-0.087956122921292 : ℝ), (0 : ℝ), (0.045191799927178 : ℝ);
    (-0.0014428657748047 : ℝ), (0.35770658986145 : ℝ), (-0.033961545266736 : ℝ), (0.064185767485745 : ℝ), (-0.18845525412333 : ℝ), (-0.068359772840507 : ℝ), (-0.045191799927178 : ℝ), (0 : ℝ)
  ]

def generator_20 : Matrix (Fin 8) (Fin 8) ℝ := !![
    (0 : ℝ), (-0.11282120065453 : ℝ), (-0.24204396706595 : ℝ), (0.58748836934723 : ℝ), (0.032551984097143 : ℝ), (0.2747188331096 : ℝ), (-0.018165658436009 : ℝ), (-0.3370985297037 : ℝ);
    (0.11282120065453 : ℝ), (0 : ℝ), (0.094455996219293 : ℝ), (-0.041324543032855 : ℝ), (0.21817587289893 : ℝ), (0.064414263420133 : ℝ), (-0.092699015614039 : ℝ), (-0.25761611732404 : ℝ);
    (0.24204396706595 : ℝ), (-0.094455996219293 : ℝ), (0 : ℝ), (0.026094662864759 : ℝ), (0.25171193551221 : ℝ), (-0.05888523643157 : ℝ), (-0.17872411823951 : ℝ), (0.080111216189687 : ℝ);
    (-0.58748836934723 : ℝ), (0.041324543032855 : ℝ), (-0.026094662864759 : ℝ), (0 : ℝ), (0.13691293998444 : ℝ), (0.041520496027782 : ℝ), (-0.079460004300812 : ℝ), (-0.039204040455181 : ℝ);
    (-0.032551984097143 : ℝ), (-0.21817587289893 : ℝ), (-0.25171193551221 : ℝ), (-0.13691293998444 : ℝ), (0 : ℝ), (-0.034012408242589 : ℝ), (-0.23634360074705 : ℝ), (0.18953806619662 : ℝ);
    (-0.2747188331096 : ℝ), (-0.064414263420133 : ℝ), (0.05888523643157 : ℝ), (-0.041520496027782 : ℝ), (0.034012408242589 : ℝ), (0 : ℝ), (0.062634485632212 : ℝ), (0.12622862980306 : ℝ);
    (0.018165658436009 : ℝ), (0.092699015614039 : ℝ), (0.17872411823951 : ℝ), (0.079460004300812 : ℝ), (0.23634360074705 : ℝ), (-0.062634485632212 : ℝ), (0 : ℝ), (0.093409637735665 : ℝ);
    (0.3370985297037 : ℝ), (0.25761611732404 : ℝ), (-0.080111216189687 : ℝ), (0.039204040455181 : ℝ), (-0.18953806619662 : ℝ), (-0.12622862980306 : ℝ), (-0.093409637735665 : ℝ), (0 : ℝ)
  ]

def generator_21 : Matrix (Fin 8) (Fin 8) ℝ := !![
    (0 : ℝ), (0.32563719582153 : ℝ), (-0.038405837692963 : ℝ), (-0.12648105916086 : ℝ), (0.32411129620533 : ℝ), (0.074740418342648 : ℝ), (0.042813428696776 : ℝ), (-0.27922774298747 : ℝ);
    (-0.32563719582153 : ℝ), (0 : ℝ), (-0.35790562086113 : ℝ), (0.13187114394613 : ℝ), (-0.10724564883829 : ℝ), (0.15850204775787 : ℝ), (-0.12953267507421 : ℝ), (-0.061962310924197 : ℝ);
    (0.038405837692963 : ℝ), (0.35790562086113 : ℝ), (0 : ℝ), (0.042104727412253 : ℝ), (0.060412432638204 : ℝ), (0.083371689723227 : ℝ), (-0.48838948645707 : ℝ), (0.17184379374537 : ℝ);
    (0.12648105916086 : ℝ), (-0.13187114394613 : ℝ), (-0.042104727412253 : ℝ), (0 : ℝ), (-0.13528205950311 : ℝ), (0.1476687224021 : ℝ), (0.11532307191203 : ℝ), (0.14871805464115 : ℝ);
    (-0.32411129620533 : ℝ), (0.10724564883829 : ℝ), (-0.060412432638204 : ℝ), (0.13528205950311 : ℝ), (0 : ℝ), (-0.076852741747903 : ℝ), (0.27014059241276 : ℝ), (0.028872913239768 : ℝ);
    (-0.074740418342648 : ℝ), (-0.15850204775787 : ℝ), (-0.083371689723227 : ℝ), (-0.1476687224021 : ℝ), (0.076852741747903 : ℝ), (0 : ℝ), (-0.064703460120143 : ℝ), (-0.033599092127354 : ℝ);
    (-0.042813428696776 : ℝ), (0.12953267507421 : ℝ), (0.48838948645707 : ℝ), (-0.11532307191203 : ℝ), (-0.27014059241276 : ℝ), (0.064703460120143 : ℝ), (0 : ℝ), (-0.20576819757399 : ℝ);
    (0.27922774298747 : ℝ), (0.061962310924197 : ℝ), (-0.17184379374537 : ℝ), (-0.14871805464115 : ℝ), (-0.028872913239768 : ℝ), (0.033599092127354 : ℝ), (0.20576819757399 : ℝ), (0 : ℝ)
  ]

def generator_22 : Matrix (Fin 8) (Fin 8) ℝ := !![
    (0 : ℝ), (0.050849357757465 : ℝ), (0.022593962018464 : ℝ), (-0.0043162717081638 : ℝ), (-0.046243817278867 : ℝ), (0.0049277626279392 : ℝ), (-0.13110997990421 : ℝ), (0.11288630044215 : ℝ);
    (-0.050849357757465 : ℝ), (0 : ℝ), (0.13065220658102 : ℝ), (-0.12387896032343 : ℝ), (0.25510822606314 : ℝ), (-0.22303260986714 : ℝ), (-0.21836539755719 : ℝ), (0.064409003739004 : ℝ);
    (-0.022593962018464 : ℝ), (-0.13065220658102 : ℝ), (0 : ℝ), (0.080984459174341 : ℝ), (0.14301795737138 : ℝ), (0.46031480799664 : ℝ), (-0.23187109371156 : ℝ), (0.021105894434609 : ℝ);
    (0.0043162717081638 : ℝ), (0.12387896032343 : ℝ), (-0.080984459174341 : ℝ), (0 : ℝ), (-0.40300448493133 : ℝ), (-0.15515826913361 : ℝ), (-0.055729403766516 : ℝ), (0.084577890793722 : ℝ);
    (0.046243817278867 : ℝ), (-0.25510822606314 : ℝ), (-0.14301795737138 : ℝ), (0.40300448493133 : ℝ), (0 : ℝ), (0.14120227085589 : ℝ), (0.037265899004803 : ℝ), (-0.28622476089448 : ℝ);
    (-0.0049277626279392 : ℝ), (0.22303260986714 : ℝ), (-0.46031480799664 : ℝ), (0.15515826913361 : ℝ), (-0.14120227085589 : ℝ), (0 : ℝ), (0.3218939508754 : ℝ), (0.21547208600372 : ℝ);
    (0.13110997990421 : ℝ), (0.21836539755719 : ℝ), (0.23187109371156 : ℝ), (0.055729403766516 : ℝ), (-0.037265899004803 : ℝ), (-0.3218939508754 : ℝ), (0 : ℝ), (0.15021425544704 : ℝ);
    (-0.11288630044215 : ℝ), (-0.064409003739004 : ℝ), (-0.021105894434609 : ℝ), (-0.084577890793722 : ℝ), (0.28622476089448 : ℝ), (-0.21547208600372 : ℝ), (-0.15021425544704 : ℝ), (0 : ℝ)
  ]

def generator_23 : Matrix (Fin 8) (Fin 8) ℝ := !![
    (0 : ℝ), (-0.19064051116102 : ℝ), (0.20127985262848 : ℝ), (-0.10618897456557 : ℝ), (0.097560114946751 : ℝ), (0.26883732752635 : ℝ), (-0.34175878338936 : ℝ), (-0.029991118252485 : ℝ);
    (0.19064051116102 : ℝ), (0 : ℝ), (-0.30315527100677 : ℝ), (-0.27816318078278 : ℝ), (0.18929269156874 : ℝ), (-0.16233282201376 : ℝ), (0.0061967249944187 : ℝ), (-0.059060898419278 : ℝ);
    (-0.20127985262848 : ℝ), (0.30315527100677 : ℝ), (0 : ℝ), (-0.15458538648632 : ℝ), (-0.17434552847608 : ℝ), (-0.040652641324602 : ℝ), (-0.20837849740858 : ℝ), (-0.36755757605066 : ℝ);
    (0.10618897456557 : ℝ), (0.27816318078278 : ℝ), (0.15458538648632 : ℝ), (0 : ℝ), (0.34358133316586 : ℝ), (-0.12008990366107 : ℝ), (0.18201149142529 : ℝ), (-0.0209418083938 : ℝ);
    (-0.097560114946751 : ℝ), (-0.18929269156874 : ℝ), (0.17434552847608 : ℝ), (-0.34358133316586 : ℝ), (0 : ℝ), (-0.18710591796095 : ℝ), (0.030831973277834 : ℝ), (-0.17812756452029 : ℝ);
    (-0.26883732752635 : ℝ), (0.16233282201376 : ℝ), (0.040652641324602 : ℝ), (0.12008990366107 : ℝ), (0.18710591796095 : ℝ), (0 : ℝ), (-0.028577391413139 : ℝ), (0.086675335388443 : ℝ);
    (0.34175878338936 : ℝ), (-0.0061967249944187 : ℝ), (0.20837849740858 : ℝ), (-0.18201149142529 : ℝ), (-0.030831973277834 : ℝ), (0.028577391413139 : ℝ), (0 : ℝ), (0.029464419864216 : ℝ);
    (0.029991118252485 : ℝ), (0.059060898419278 : ℝ), (0.36755757605066 : ℝ), (0.0209418083938 : ℝ), (0.17812756452029 : ℝ), (-0.086675335388443 : ℝ), (-0.029464419864216 : ℝ), (0 : ℝ)
  ]

def generator_24 : Matrix (Fin 8) (Fin 8) ℝ := !![
    (0 : ℝ), (0.25085397540363 : ℝ), (0.54070600020566 : ℝ), (0.13487592767592 : ℝ), (0.12124131196552 : ℝ), (0.051856311803675 : ℝ), (-0.092350682273687 : ℝ), (0.14717592282446 : ℝ);
    (-0.25085397540363 : ℝ), (0 : ℝ), (0.038811337270482 : ℝ), (0.04364430534881 : ℝ), (-0.012402122504486 : ℝ), (-0.13373903756593 : ℝ), (0.19764166139203 : ℝ), (-0.2678823855076 : ℝ);
    (-0.54070600020566 : ℝ), (-0.038811337270482 : ℝ), (0 : ℝ), (0.069231789037726 : ℝ), (-0.074772379773699 : ℝ), (0.1616356818949 : ℝ), (0.13306767525677 : ℝ), (0.32079518424189 : ℝ);
    (-0.13487592767592 : ℝ), (-0.04364430534881 : ℝ), (-0.069231789037726 : ℝ), (0 : ℝ), (0.13156456917054 : ℝ), (-0.1887248057114 : ℝ), (0.041313759115584 : ℝ), (0.12077875604102 : ℝ);
    (-0.12124131196552 : ℝ), (0.012402122504486 : ℝ), (0.074772379773699 : ℝ), (-0.13156456917054 : ℝ), (0 : ℝ), (-0.15256872706942 : ℝ), (-0.076393869795735 : ℝ), (0.31043022287415 : ℝ);
    (-0.051856311803675 : ℝ), (0.13373903756593 : ℝ), (-0.1616356818949 : ℝ), (0.1887248057114 : ℝ), (0.15256872706942 : ℝ), (0 : ℝ), (0.24912103820004 : ℝ), (0.069876091570586 : ℝ);
    (0.092350682273687 : ℝ), (-0.19764166139203 : ℝ), (-0.13306767525677 : ℝ), (-0.041313759115584 : ℝ), (0.076393869795735 : ℝ), (-0.24912103820004 : ℝ), (0 : ℝ), (-0.16701563656509 : ℝ);
    (-0.14717592282446 : ℝ), (0.2678823855076 : ℝ), (-0.32079518424189 : ℝ), (-0.12077875604102 : ℝ), (-0.31043022287415 : ℝ), (-0.069876091570586 : ℝ), (0.16701563656509 : ℝ), (0 : ℝ)
  ]

def generator_25 : Matrix (Fin 8) (Fin 8) ℝ := !![
    (0 : ℝ), (0.3457613316185 : ℝ), (-0.1519138577971 : ℝ), (-0.094628569508898 : ℝ), (0.045744695792126 : ℝ), (0.040537038388182 : ℝ), (0.071764285035621 : ℝ), (0.40909085323234 : ℝ);
    (-0.3457613316185 : ℝ), (0 : ℝ), (-0.15208301052114 : ℝ), (-0.11019047757126 : ℝ), (0.264868823141 : ℝ), (-0.042286254410449 : ℝ), (-0.040466123590343 : ℝ), (-0.29992791546496 : ℝ);
    (0.1519138577971 : ℝ), (0.15208301052114 : ℝ), (0 : ℝ), (-0.020094215699401 : ℝ), (-0.028986136905674 : ℝ), (-0.27847324595973 : ℝ), (-0.11121289634126 : ℝ), (0.020063977602897 : ℝ);
